# 09-23-2017
x <- 2

x <- 2+2

3+5
